380 3		
0.173913	0.921539	0.837275
0.173913	0.912132	0.967619
0.173913	0.902376	0.923396
0.173913	0.93652	0.951808
0.173913	0.937217	0.943433
0.304348	0.944882	0.87617
0.304348	0.937231	0.903504
0.043478	0.857118	0.999972
0.26087	0.933837	0.96739
0.130435	0.738729	0.995607
0.26087	0.878002	0.923266
0.043478	0.846735	0.999972
0.086957	0.808411	0.999972
0.217391	0.689847	0.935043
0.086957	0.874608	0.999972
0.173913	0.933733	0.967523
0.043478	0.804892	0.999941
0.304348	0.822277	0.912204
0.26087	0.9268	0.923334
0.086957	0.815309	0.960727
0.130435	0.857118	0.954118
0.173913	0.905874	0.994142
0.173913	0.930249	0.8259
0.086957	0.58536	0.98795
0.173913	0.923281	0.917325
0.086957	0.745627	0.99991
0.086957	0.776949	0.971823
0.043478	0.825761	0.979049
0.173913	0.930284	0.975235
0.217391	0.898906	0.946083
0.26087	0.881486	0.887857
0.217391	0.933768	0.957111
0	0.787471	0.9933
0.217391	0.940736	0.939313
0.043478	0.696885	0.979678
0	0.421601	0.989099
0.217391	0.917351	0.877241
0.173913	0.71078	0.86356
0.130435	0.801366	0.965579
0.217391	0.931949	0.941272
0.130435	0.627148	0.973545
0.043478	0.808369	0.972864
0.217391	0.942109	0.908504
0.086957	0.891994	0.974306
0.173913	0.838283	0.977232
0.304348	0.914954	0.85695
0.130435	0.760574	0.900727
0.217391	0.648073	0.964449
0.304348	0.675946	0.938597
0.130435	0.846701	0.935325
0.173913	0.85015	0.954037
0.086957	0.916347	0.994916
0.217391	0.916347	0.99443
0.217391	0.926779	0.961994
0.173913	0.924883	0.826984
0.304348	0.939238	0.88787
0.173913	0.933733	0.771761
0.173913	0.950456	0.718832
0.26087	0.847328	0.87861
0.173913	0.941049	0.924473
0.217391	0.923977	0.943656
0	0.048812	0.999786
0.173913	0.864086	0.926628
0.217391	0.898927	0.943037
0.217391	0.871925	0.921347
0.304348	0.877563	0.884814
0.304348	0.944903	0.882801
0.217391	0.905916	0.771832
0.304348	0.935126	0.939303
0.086957	0.794439	0.986034
0.173913	0.944192	0.907764
0.130435	0.668978	0.965083
0.130435	0.780447	0.794191
0.304348	0.962999	0.807981
0.217391	0.861975	0.929535
0.130435	0.820068	0.970022
0.043478	0.853927	0.999969
0.130435	0.857418	0.976176
0.217391	0.836241	0.834108
0.217391	0.923315	0.937285
0.130435	0.8829	0.96352
0.043478	0.836067	0.99996
0.217391	0.942443	0.921055
0.217391	0.932897	0.785978
0.26087	0.936646	0.925529
0.130435	0.856066	0.957879
0.217391	0.858226	0.94713
0.173913	0.949794	0.907124
0.217391	0.905993	0.912405
0.304348	0.944317	0.941508
0.26087	0.860066	0.961867
0.26087	0.913177	0.943477
0.086957	0.881437	0.983879
0.130435	0.924173	0.976656
0.086957	0.818758	0.996907
0.043478	0.139363	0.999693
0.043478	0.069682	0.996907
0.086957	0.850115	0.975854
0.086957	0.73514	0.996907
0.086957	0.916326	0.979492
0.304348	0.921323	0.914244
0.043478	0.696878	0.99378
0.130435	0.917079	0.982365
0.173913	0.937217	0.85599
0.130435	0.924737	0.977108
0.173913	0.901017	0.879034
0.26087	0.93027	0.771256
0.173913	0.930249	0.91509
0.086957	0.815344	0.97895
0.043478	0.052261	0.999972
0.304348	0.931294	0.939631
0.173913	0.891924	0.978331
0.173913	0.877988	0.919817
0.130435	0.858825	0.937542
0.130435	0.749077	0.922603
0.217391	0.885025	0.956659
0.217391	0.93429	0.893192
0.043478	0.700334	0.973068
0.043478	0.872065	0.999988
0.086957	0.752596	0.991009
0.086957	0.79092	0.979065
0.086957	0.355724	0.988238
0.304348	0.940764	0.827866
0.173913	0.787464	0.923139
0.173913	0.926904	0.868424
0.26087	0.907108	0.926201
0.043478	0.881541	0.999693
0.26087	0.90586	0.923851
0.173913	0.843182	0.87926
0.26087	0.648108	0.938703
0.304348	0.628179	0.966566
0.130435	0.92335	0.967554
0.130435	0.837154	0.961929
0	0.808341	0.987619
0.086957	0.348477	0.988975
0.304348	0.913936	0.912929
0.043478	0.870978	0.987597
0	0.85987	0.99622
0	0.882656	0.99591
0.217391	0.877988	0.937749
0.086957	0.741607	0.99304
0.26087	0.927462	0.9633
0.043478	0.52958	1
0.043478	0.202077	0.992669
0.217391	0.923629	0.83112
0.043478	0.853947	0.999693
0.173913	0.453627	0.968511
0.173913	0.766504	0.88712
0.086957	0.815309	0.968077
0	0.808515	0.989121
0.086957	0.752909	0.993359
0.086957	0.613895	0.983501
0	0.704481	0.998455
0.26087	0.937287	0.941944
0.130435	0.88182	0.888411
0.304348	0.951857	0.925842
0.173913	0.923315	0.96539
0.086957	0.816319	0.972529
0.130435	0.867535	0.976997
0.173913	0.917358	0.978864
0.217391	0.686607	0.938198
0.086957	0.721204	0.946932
0.304348	0.916312	0.893356
0.217391	0.808376	0.934678
0.304348	0.93806	0.931616
0.173913	0.822591	0.972402
0.130435	0.923315	0.975854
0.043478	0.411818	0.989474
0.173913	0.90593	0.793092
0.217391	0.82928	0.957232
0.173913	0.857153	0.950105
0.130435	0.843217	0.961059
0.217391	0.919866	0.955628
0.695652	0.961675	0.727482
0.478261	0.993032	0.529308
0.478261	0.968608	0.746132
0.434783	0.972093	0.671829
0.478261	0.975577	0.692881
0.478261	0.985994	0.579568
0.173913	0.909414	0.913316
0.521739	0.96164	0.765637
0.130435	0.766567	0.908415
0.26087	0.592363	0.901148
0.043478	0.836248	0.991799
0.565217	0.975577	0.684213
0.130435	0.902725	0.969043
0.130435	0.70069	0.935727
0.173913	0.689917	0.921012
0.26087	0.603094	0.891644
0.043478	0.700648	0.983827
0.173913	0.909735	0.912309
0.73913	0.992997	0.637773
0.173913	0.930409	0.913316
0.652174	0.99662	0.678021
0.130435	0.912898	0.96347
0.173913	0.92119	0.97287
0.304348	0.937217	0.922873
0.217391	0.882865	0.909959
0.391304	0.948018	0.640869
0.26087	0.965159	0.752324
0.173913	0.930318	0.83282
0.173913	0.919866	0.860684
0.217391	0.958191	0.885452
0.217391	0.951223	0.876164
0.26087	0.968643	0.758516
0.347826	0.968643	0.752324
0.217391	0.891994	0.904028
0.173913	0.951223	0.91022
0.173913	0.947739	0.925699
0.26087	0.958191	0.86378
0.173913	0.877995	0.889216
0.217391	0.947739	0.8483
0.26087	0.94569	0.837275
0.26087	0.940771	0.8483
0.217391	0.954707	0.904028
0.521739	0.980071	0.715953
0.304348	0.928862	0.885594
0.217391	0.933043	0.934997
0.304348	0.928862	0.884603
0.26087	0.925378	0.805962
0.391304	0.919803	0.79977
0.304348	0.956038	0.891216
0.217391	0.93004	0.912526
0.434783	0.951502	0.869972
0.391304	0.930667	0.804588
0.347826	0.963069	0.800479
0.695652	0.977709	0.911839
0.565217	0.968608	0.710863
0.217391	0.944952	0.721364
0.217391	0.963048	0.619197
0.26087	0.921197	0.976489
0.217391	0.963048	0.619197
0.173913	0.914229	0.900706
0.173913	0.934269	0.728318
0.217391	0.940708	0.870458
0.304348	0.940701	0.884331
0.130435	0.867542	0.965988
0.173913	0.940708	0.896182
0.304348	0.942157	0.944412
0.130435	0.766985	0.98826
0.043478	0.801826	0.958362
0.130435	0.778134	0.98604
0.217391	0.942129	0.624089
0.043478	0.850463	0.978814
0.173913	0.921539	0.967867
0.173913	0.929552	0.932622
0.26087	0.872413	0.909232
0.173913	0.895408	0.964805
0.173913	0.931642	0.960839
0.130435	0.894014	0.970746
0.217391	0.931677	0.776287
0.304348	0.926765	0.711829
0.26087	0.931677	0.668114
0.304348	0.884991	0.943254
0.26087	0.878022	0.948378
0.217391	0.905895	0.831287
0.347826	0.95663	0.866464
0.173913	0.931649	0.942823
0.304348	0.965194	0.798764
0.217391	0.928165	0.957461
0.347826	0.960916	0.854671
0.217391	0.922019	0.966731
0.173913	0.924674	0.924898
0.173913	0.902474	0.898898
0.521739	0.773814	0.837464
0.304348	0.953592	0.885015
0.217391	0.93374	0.728634
0.217391	0.952554	0.717234
0.173913	0.917183	0.897814
0.130435	0.703853	0.947449
0.217391	0.95955	0.676597
0.086957	0.801408	0.969864
0.173913	0.937217	0.726844
0.304348	0.926834	0.881021
0.173913	0.933733	0.738764
0.043478	0.773535	0.999972
0.782609	0.990342	0.693501
0.26087	0.923629	0.928795
0.391304	0.962476	0.783284
0.434783	0.980454	0.699693
0.347826	0.968608	0.857588
0.391304	0.965264	0.860684
0.347826	0.96387	0.829724
0.478261	0.963731	0.771371
0.565217	0.990907	0.678021
0.26087	0.85015	0.89474
0.391304	0.973521	0.730652
0.434783	0.979096	0.667792
0.347826	0.96178	0.825167
0.304348	0.923288	0.903272
0.173913	0.931649	0.960591
0.478261	0.975542	0.80421
0.391304	0.969277	0.736083
0.173913	0.939307	0.727089
0.565217	0.972093	0.72446
0.521739	0.951188	0.743036
0.521739	0.972093	0.746132
0.434783	0.933043	0.744903
0.217391	0.792628	0.921055
0.217391	0.697164	0.922644
0.478261	0.973486	0.788021
0.173913	0.939314	0.940077
0.347826	0.919803	0.831665
0.217391	0.871026	0.943483
0.217391	0.916312	0.942542
0.956522	0.975549	0.829724
0.391304	0.95847	0.881538
0.347826	0.965438	0.770919
0.217391	0.93374	0.904987
0.26087	0.893318	0.867777
0.304348	0.888475	0.891644
0.73913	0.965159	0.866876
0.173913	0.908654	0.955483
0.521739	0.993032	0
0.217391	0.884991	0.907124
0.217391	0.919831	0.962483
0.608696	0.954672	0.7709
0.478261	0.954672	0.712077
0.26087	0.972058	0.730652
0.521739	0.982545	0.619197
0.652174	0.969305	0.808052
0.173913	0.917741	0.861736
0.608696	0.983242	0.712077
0.130435	0.950456	0.962851
0.521739	0.986342	0.713625
0.304348	0.95116	0.834164
0.478261	0.947704	0.705885
0.173913	0.491255	0.910566
0.652174	0.975611	0.727587
0.782609	0.996516	0.591565
0.521739	0.98258	0.541797
0.391304	0.977702	0.671451
0.478261	0.94523	0.86378
0.130435	0.704132	0.876164
0.608696	0.949411	0.696597
0.130435	0.907986	0.990715
0.347826	0.957076	0.94056
0.73913	0.993032	0.690405
0.608696	0.983346	0.730652
0.652174	0.989548	0.705885
0.521739	0.986064	0.746132
0.565217	0.98258	0.783284
0.608696	0.98329	0.752324
0.217391	0.93206	0.72446
0.391304	0.941119	0.891644
0.304348	0.920633	0.866876
0.434783	0.966901	0.857588
0.391304	0.944603	0.826628
0.26087	0.899728	0.941179
0.347826	0.95263	0.922603
0.26087	0.878336	0.900932
0.391304	0.980768	0.640869
0.086957	0.880078	0.995053
0.478261	0.986029	0.720262
0.391304	0.965124	0.706813
0.173913	0.921922	0.931891
0.565217	0.992265	0.604646
0.173913	0.921887	0.869458
0.217391	0.843147	0.875848
0.347826	0.917776	0.799074
0.130435	0.90593	0.972337
0.217391	0.912828	0.804956
1	0.977981	0.622293
0.130435	0.916312	0.986009
0.217391	0.787402	0.906176
0.086957	0.522612	0.988115
0.565217	0.710808	0.87926
0.434783	0.96164	0.78795
0.608696	0.989513	0.647061
0.695652	0.998544	0.659445
0.391304	0.979758	0.591333
0.043478	0.798551	0.999975
0.26087	0.912828	0.944885
0.130435	0.79437	0.852015
0.73913	1	0.687309
0.347826	0.937287	0.923554
0.434783	0.940771	0.882356
0.478261	0.984252	0.628485
0.391304	0.942826	0.900003
0	0.890537	0.998118
		